      toxicity  severe_toxicity   obscene  identity_attack    insult    threat
anio                                                                          
1991  0.000741         0.000120  0.000187         0.000146  0.000179  0.000128
1992  0.000675         0.000121  0.000178         0.000144  0.000177  0.000130
1993  0.000604         0.000125  0.000176         0.000146  0.000176  0.000134
1994  0.000624         0.000124  0.000175         0.000146  0.000177  0.000134
1995  0.000609         0.000125  0.000176         0.000146  0.000177  0.000135
1996  0.000643         0.000126  0.000181         0.000160  0.000182  0.000136
1997  0.000602         0.000125  0.000175         0.000146  0.000177  0.000135
1998  0.000612         0.000125  0.000176         0.000147  0.000177  0.000135
1999  0.000746         0.000125  0.000183         0.000149  0.000185  0.000136
2000  0.000616         0.000124  0.000175         0.000146  0.000177  0.000134
2001  0.000832         0.000126  0.000205         0.000154  0.000215  0.000136
2002  0.000618         0.000125  0.000176         0.000147  0.000178  0.000136
2003  0.000611         0.000125  0.000176         0.000146  0.000177  0.000135
2004  0.000637         0.000126  0.000179         0.000148  0.000180  0.000136
2005  0.000626         0.000126  0.000178         0.000149  0.000178  0.000136
2006  0.000907         0.000128  0.000419         0.000161  0.000202  0.000136
2007  0.000712         0.000125  0.000203         0.000148  0.000183  0.000141
2008  0.000654         0.000126  0.000195         0.000148  0.000180  0.000136
2009  0.000721         0.000128  0.000220         0.000156  0.000199  0.000171
2010  0.000662         0.000125  0.000182         0.000148  0.000180  0.000140
2011  0.000687         0.000126  0.000192         0.000157  0.000187  0.000136
2012  0.000647         0.000125  0.000180         0.000147  0.000185  0.000136
2013  0.000767         0.000126  0.000181         0.000153  0.000246  0.000136
2014  0.000622         0.000126  0.000178         0.000147  0.000178  0.000136
2015  0.000698         0.000127  0.000290         0.000148  0.000196  0.000136
2016  0.000633         0.000125  0.000182         0.000147  0.000179  0.000135
2017  0.000619         0.000126  0.000180         0.000147  0.000178  0.000136
2018  0.000641         0.000126  0.000178         0.000148  0.000178  0.000137
2019  0.000690         0.000127  0.000225         0.000151  0.000183  0.000137
2020  0.000730         0.000129  0.000216         0.000213  0.000197  0.000138
2021  0.000871         0.000127  0.000188         0.000155  0.000184  0.000165
2022  0.000716         0.000126  0.000286         0.000150  0.000189  0.000136
2023  0.000665         0.000126  0.000205         0.000148  0.000182  0.000136