toxicidad  Toxicidad Bajo  Toxicidad Medio  Toxicidad Alto
anio                                                      
1994           100.000000         0.000000        0.000000
1995           100.000000         0.000000        0.000000
1996           100.000000         0.000000        0.000000
1997           100.000000         0.000000        0.000000
1998           100.000000         0.000000        0.000000
1999           100.000000         0.000000        0.000000
2000           100.000000         0.000000        0.000000
2001           100.000000         0.000000        0.000000
2002           100.000000         0.000000        0.000000
2003           100.000000         0.000000        0.000000
2004           100.000000         0.000000        0.000000
2005           100.000000         0.000000        0.000000
2006            99.970989         0.000000        0.029011
2007           100.000000         0.000000        0.000000
2008           100.000000         0.000000        0.000000
2009           100.000000         0.000000        0.000000
2010           100.000000         0.000000        0.000000
2011           100.000000         0.000000        0.000000
2012           100.000000         0.000000        0.000000
2013            99.964526         0.035474        0.000000
2014           100.000000         0.000000        0.000000
2015            99.966432         0.033568        0.000000
2016           100.000000         0.000000        0.000000
2017           100.000000         0.000000        0.000000
2018           100.000000         0.000000        0.000000
2019           100.000000         0.000000        0.000000
2020           100.000000         0.000000        0.000000
2021           100.000000         0.000000        0.000000
2022            99.961686         0.038314        0.000000
2023           100.000000         0.000000        0.000000